171
173
168
159
159
161
172
171
183
177
161
176
163
155
163
173
169
170
168
176
174
171
164
171
165
169
167
173
162
168
185
171
178
161
174
172
176
169
188
173
167
165
162
175
158
162
164
166
156
160
168
174
170
174
166
167
165
173
172
172
171
164
170
168
165
187
164
172
190
165
162
167
168
173
178
176
166
171
169
196
167
164
174
169
167
167
163
161
170
173
177
174
163
158
177
170
172
169
169
163
171
167
167
170
166
165
171
159
173
162
165
179
167
176
174
164
175
168
170
173
160
166
172
164
164
186
168
157
165
172
169
166
173
163
171
166
167
179
176
166
170
162
160
173
159
162
164
164
164
172
173
178
170
171
170
161
164
167
179
164
169
163
174
167
171
166
168
171
165
176
163
163
168
170
170
161
165
159
168
173
169
161
156
168
167
163
170
163
164
171
180
165
161
162
172
163
175
168
174
184
161
164
165
167
156
156
161
164
168
187
172
164
176
160
162
164
162
176
172
164
173
180
165
171
171
166
165
156
168
173
179
179
172
157
167
161
166
174
167
161
170
167
167
171
179
171
169
159
182
163
169
170
167
168
164
176
174
161
164
160
168
173
167
166
164
162
172
170
168
169
171
166
167
163
161
162
162
170
176
172
169
170
168
177
169
171
187
168
180
176
166
171
183
168
168
167
169
172
169
166
176
161
165
167
173
166
176
176
173
174
165
163
164
173
173
164
176
162
175
165
165
174
178
163
158
164
180
167
176
163
167
166
162
176
174
175
164
177
156
184
167
163
164
172
167
165
178
161
167
165
171
167
167
165
173
165
172
178
174
168
160
163
171
167
164
168
159
159
166
164
165
162
161
163
170
163
158
171
174
174
161
170
164
164
166
168
166
170
164
171
170
166
172
176
175
173
162
174
173
