346
61
449
199
6
160
224
387
43
134
386
156
444
408
175
122
461
267
389
16
15
327
84
216
411
91
7
240
106
458
432
69
478
492
208
25
274
174
410
97
309
54
402
38
184
304
154
265
236
373
336
142
335
397
483
489
295
422
29
419
56
101
231
11
412
28
135
203
107
263
325
390
382
324
384
406
433
277
82
20
237
246
113
289
108
204
27
316
164
62
348
165
301
132
63
488
317
228
173
183
313
239
214
248
493
94
137
286
195
170
282
403
425
447
22
76
428
243
168
220
472
136
26
152
312
57
490
112
399
46
8
442
103
128
4
238
280
446
89
253
343
398
366
126
465
426
32
256
279
272
151
311
430
14
451
491
269
362
436
448
276
393
471
350
287
33
462
377
194
24
330
79
217
332
85
130
110
470
480
230
288
354
39
479
96
251
187
417
257
53
445
365
339
218
73
353
55
431
486
189
492
84
411
7
39
357
229
247
11
28
73
257
156
472
404
284
106
385
249
279
18
441
54
364
4
361
372
3
217
324
88
129
419
453
145
491
33
471
204
196
260
158
362
313
403
340
392
199
80
175
93
332
237
147
76
115
486
409
495
366
271
159
209
136
169
283
66
139
213
228
227
171
464
393
339
383
321
379
86
25
52
395
1
134
381
346
396
118
180
435
265
327
43
462
382
223
143
203
8
253
225
307
273
235
123
75
352
0
23
155
142
282
79
198
298
151
135
463
255
200
295
497
477
384
128
349
258
303
215
68
72
308
300
426
16
208
254
154
102
236
127
108
181
83
47
437
194
290
456
350
110
185
474
380
188
61
420
146
51
219
178
109
301
344
192
152
490
470
329
493
269
263
170
160
244
297
148
184
264
15
140
476
98
120
119
433
212
442
231
466
341
475
234
202
31
38
333
35
450
117
