67
69
63
55
60
51
66
70
73
60
56
65
60
51
65
64
62
61
70
81
64
64
62
72
61
73
60
63
66
66
82
66
71
60
79
70
70
57
75
69
61
63
58
64
61
54
63
67
58
61
67
70
66
66
55
61
60
66
70
67
67
59
74
62
67
84
53
64
80
69
65
67
64
63
66
70
58
63
67
60
55
61
69
70
59
64
59
55
61
66
70
68
58
57
72
62
73
62
64
64
70
60
59
63
64
61
62
55
69
60
60
63
64
77
66
59
75
65
66
68
57
62
67
62
65
71
70
60
63
60
68
57
64
58
75
62
65
77
67
62
70
57
50
72
48
58
60
61
57
68
66
72
65
66
65
66
61
63
71
60
70
68
70
71
65
63
67
65
59
60
63
58
66
76
67
66
76
61
67
69
63
51
54
71
64
65
69
64
65
60
84
61
52
64
74
63
80
55
65
72
60
62
61
60
54
54
56
60
62
84
74
65
65
57
65
61
66
78
72
57
69
76
63
60
75
55
63
56
66
63
80
69
67
60
63
66
63
70
64
60
58
70
63
70
63
64
62
55
76
65
62
76
55
63
59
72
65
64
68
50
68
77
61
62
60
53
59
61
58
62
70
62
75
68
52
56
52
65
65
70
75
68
73
60
61
67
63
61
69
67
67
64
73
67
64
62
71
64
68
62
72
59
63
66
78
57
65
75
70
70
60
58
59
66
66
53
70
60
67
60
68
74
66
58
56
66
75
68
71
72
59
67
58
81
79
64
63
68
58
68
59
60
70
63
63
59
75
55
71
76
69
63
65
69
69
60
64
69
67
59
62
58
63
65
62
70
61
54
64
61
69
60
51
68
75
65
61
60
64
73
58
61
56
57
58
50
57
74
53
66
65
51
73
70
64
65
55
75
69
